0 0.064102 0.173645 0.117009 0.165025
0 0.190999 0.174877 0.108768 0.201970
0 0.315423 0.155172 0.105472 0.204433
0 0.432020 0.150862 0.121129 0.222906
0 0.557268 0.203818 0.126073 0.217980
0 0.805705 0.234606 0.369154 0.220443
0 0.805705 0.480296 0.377394 0.182266
0 0.548204 0.455049 0.131017 0.217980
0 0.428312 0.382389 0.093936 0.178571
0 0.305947 0.403941 0.140905 0.184729
0 0.156803 0.386084 0.122777 0.198276
0 0.050506 0.373768 0.083224 0.176108
0 0.048858 0.585591 0.079928 0.181034
0 0.153506 0.603448 0.104648 0.172414
0 0.269279 0.607143 0.098880 0.165025
0 0.389172 0.624384 0.109592 0.199507
0 0.499176 0.683498 0.154913 0.197044
0 0.805208 0.703818 0.389584 0.208128
0 0.807765 0.916872 0.374922 0.151478
0 0.536668 0.878695 0.145849 0.158867
0 0.387524 0.817118 0.137609 0.183498
0 0.258155 0.777709 0.119481 0.166256
0 0.141970 0.751847 0.103000 0.121921
0 0.046798 0.743227 0.087344 0.134236