0 0.057098 0.168103 0.099704 0.210591
0 0.188939 0.180419 0.135961 0.225369
0 0.319955 0.165025 0.098056 0.216749
0 0.422132 0.171182 0.083224 0.226601
0 0.543672 0.179187 0.148321 0.225369
0 0.800761 0.238916 0.372450 0.273399
0 0.800349 0.477833 0.394698 0.201970
0 0.535844 0.443966 0.124425 0.237685
0 0.417600 0.405172 0.098880 0.179803
0 0.303475 0.395936 0.121129 0.173645
0 0.168751 0.399015 0.128545 0.184729
0 0.051003 0.394704 0.102006 0.185961
0 0.050918 0.592980 0.092288 0.163793
0 0.155567 0.600985 0.102176 0.174877
0 0.265159 0.595443 0.092288 0.171182
0 0.383403 0.604680 0.122777 0.192118
0 0.518128 0.681650 0.192817 0.190887
0 0.785105 0.708128 0.407058 0.253695
0 0.057183 0.743842 0.114366 0.147783
0 0.150210 0.761084 0.122777 0.155172
0 0.283699 0.792488 0.124425 0.181034
0 0.390408 0.814655 0.136785 0.171182
0 0.535020 0.881158 0.159033 0.181034
0 0.803645 0.908867 0.388106 0.160099